#pi_inter=pi pi_intra=pa nb_ra=nb_intra nb_er=nb_inter
#ID   	#subsets 	#subsets w/rec	dist     	Pi_i/Pi_a	Pi_inter	Pi_intra	#inter	#intra	pval
0    	326  	326  	0.000000	0.000351	0.000000	0.000000	0	320	1.000000e+00
1    	202  	202  	0.000878	2.849569	0.001000	0.000351	320	57	1.077844e-01
2    	195  	195  	0.000878	3.001152	0.001348	0.000449	377	10	7.265469e-01
3    	194  	194  	0.000882	5.601875	0.002646	0.000472	387	11	3.812375e-01
4    	192  	192  	0.000890	2.602554	0.001386	0.000533	398	112	6.886228e-01
5    	188  	188  	0.000894	2.525156	0.001818	0.000720	510	55	8.702595e-01
6    	182  	182  	0.000900	1.088162	0.000900	0.000827	565	1	1.000000e+00
7    	181  	181  	0.000915	1.106931	0.000915	0.000827	566	1	1.000000e+00
8    	180  	180  	0.000926	1.120062	0.000926	0.000827	567	2	1.000000e+00
9    	178  	178  	0.000931	1.124804	0.000931	0.000827	569	1	1.000000e+00
10   	177  	177  	0.000977	1.180645	0.000977	0.000828	570	1	1.000000e+00
11   	176  	176  	0.000986	4.351357	0.003602	0.000828	571	7	2.614770e-01
12   	174  	174  	0.001035	2.585476	0.002227	0.000861	578	4	6.846307e-01
13   	173  	173  	0.001109	1.273769	0.001109	0.000871	582	1	1.000000e+00
14   	172  	172  	0.001113	1.277426	0.001113	0.000871	583	1	1.000000e+00
15   	171  	171  	0.001180	3.244100	0.002828	0.000872	584	11	9.421158e-01
16   	170  	170  	0.001327	3.915898	0.003555	0.000908	595	8	5.688623e-01
17   	168  	168  	0.001344	1.425744	0.001344	0.000943	603	1	1.000000e+00
18   	167  	167  	0.001445	1.532544	0.001446	0.000944	604	3	8.542914e-01
19   	166  	166  	0.001472	1.555571	0.001472	0.000946	607	1	1.000000e+00
20   	165  	165  	0.001476	3.851005	0.003647	0.000947	608	20	5.229541e-01
21   	164  	164  	0.001544	1.495205	0.001544	0.001033	628	1	1.000000e+00
22   	163  	163  	0.001553	1.828837	0.001891	0.001034	629	2	6.387226e-01
23   	162  	162  	0.001671	2.775766	0.002877	0.001036	631	87	8.223553e-01
24   	160  	160  	0.001677	2.177154	0.002742	0.001260	718	8	9.560878e-01
25   	159  	159  	0.001685	2.962335	0.003780	0.001276	726	6	9.241517e-01
26   	158  	158  	0.001756	1.865203	0.002418	0.001296	732	60	8.363273e-01
27   	154  	154  	0.001765	3.300723	0.004559	0.001381	792	35	9.141717e-01
28   	153  	153  	0.001789	1.851989	0.002807	0.001516	827	28	8.522954e-01
29   	148  	148  	0.001790	2.691529	0.004194	0.001558	855	12	8.542914e-01
30   	147  	147  	0.001794	2.434618	0.003882	0.001595	867	10	6.846307e-01
31   	146  	146  	0.001818	1.711190	0.002773	0.001621	877	4	8.203593e-01
32   	145  	145  	0.001825	2.334306	0.003795	0.001626	881	7	9.441118e-01
33   	144  	144  	0.001828	1.453035	0.002387	0.001643	888	3	8.962076e-01
34   	143  	143  	0.001843	5.077482	0.008355	0.001646	891	807	4.770459e-01
35   	136  	136  	0.001846	1.634417	0.007901	0.004834	1698	46	9.980040e-01
36   	135  	135  	0.001847	1.755064	0.008627	0.004915	1744	1175	9.960080e-01
37   	134  	134  	0.001862	0.680747	0.004363	0.006409	2919	10	9.540918e-01
38   	133  	133  	0.001910	1.326283	0.008491	0.006402	2929	72	1.000000e+00
39   	132  	132  	0.001940	1.387808	0.008955	0.006452	3001	146	9.960080e-01
40   	131  	131  	0.001958	1.233791	0.008104	0.006569	3147	150	9.980040e-01
41   	130  	130  	0.001959	0.368994	0.002450	0.006638	3297	4	6.606786e-01
42   	129  	129  	0.002060	0.310547	0.002060	0.006633	3301	1	1.000000e+00
43   	128  	128  	0.002067	1.367068	0.009066	0.006632	3302	77	9.960080e-01
44   	127  	127  	0.002099	0.313850	0.002099	0.006687	3379	1	1.000000e+00
45   	126  	126  	0.002117	1.471682	0.009840	0.006686	3380	78	9.900200e-01
46   	125  	125  	0.002196	0.324929	0.002196	0.006757	3458	2	6.027944e-01
47   	124  	124  	0.002225	1.618248	0.010931	0.006755	3460	316	9.880240e-01
48   	123  	123  	0.002230	1.874199	0.013314	0.007104	3776	249	9.660679e-01
49   	122  	122  	0.002270	0.524237	0.003926	0.007488	4025	12	5.389222e-01
50   	121  	121  	0.002291	1.372689	0.010264	0.007478	4037	86	9.960080e-01
51   	120  	120  	0.002307	1.200788	0.009049	0.007536	4123	703	1.000000e+00
52   	118  	118  	0.002558	1.769912	0.013728	0.007756	4826	95	9.800399e-01
53   	117  	117  	0.002638	1.287737	0.010136	0.007871	4921	96	1.000000e+00
54   	116  	116  	0.002639	2.005713	0.015875	0.007915	5017	97	9.540918e-01
55   	115  	115  	0.002673	1.219398	0.009835	0.008066	5114	597	9.960080e-01
56   	112  	112  	0.002685	0.418756	0.003455	0.008251	5711	20	9.960080e-01
57   	108  	108  	0.002686	0.526018	0.004331	0.008234	5731	7	9.580838e-01
58   	107  	107  	0.002736	1.194427	0.009829	0.008229	5738	208	1.000000e+00
59   	106  	106  	0.003263	0.393844	0.003263	0.008285	5946	1	1.000000e+00
60   	105  	105  	0.003345	0.868530	0.007195	0.008284	5947	106	1.000000e+00
61   	104  	104  	0.003408	0.412287	0.003408	0.008265	6053	1	1.000000e+00
62   	103  	103  	0.003497	0.616362	0.005094	0.008265	6054	2	4.031936e-01
63   	102  	102  	0.003517	1.062444	0.008779	0.008263	6056	333	1.000000e+00
64   	100  	100  	0.003569	1.431865	0.011871	0.008290	6389	330	9.900200e-01
65   	99   	99   	0.003581	1.726252	0.014615	0.008466	6719	113	9.900200e-01
66   	98   	98   	0.003582	0.590835	0.005062	0.008568	6832	19	9.361277e-01
67   	96   	96   	0.003584	0.471198	0.004033	0.008558	6851	4	5.089820e-01
68   	95   	95   	0.003728	1.268854	0.010856	0.008556	6855	114	9.980040e-01
69   	94   	94   	0.003839	0.446794	0.003839	0.008593	6969	1	1.000000e+00
70   	93   	93   	0.003862	0.869817	0.007474	0.008592	6970	8	7.844311e-01
71   	92   	92   	0.003884	0.686226	0.005896	0.008591	6978	3	5.928144e-01
72   	91   	91   	0.004229	1.413085	0.012138	0.008590	6981	115	9.960080e-01
73   	90   	90   	0.004247	0.715174	0.006184	0.008648	7096	5	1.000000e+00
74   	88   	88   	0.004374	0.787777	0.006811	0.008646	7101	4	9.061876e-01
75   	87   	87   	0.004396	1.244590	0.010759	0.008645	7105	239	9.980040e-01
76   	84   	84   	0.004455	1.414546	0.012326	0.008714	7344	1180	9.960080e-01
77   	83   	83   	0.004479	0.509193	0.004692	0.009214	8524	55	9.740519e-01
78   	81   	81   	0.004714	0.637940	0.005859	0.009185	8579	33	1.776447e-01
79   	80   	80   	0.004942	1.104940	0.010134	0.009172	8612	13	7.664671e-01
80   	79   	79   	0.005030	0.548346	0.005030	0.009173	8625	1	1.000000e+00
81   	78   	78   	0.005381	0.856426	0.007856	0.009173	8626	44	9.560878e-01
82   	76   	76   	0.005402	0.589576	0.005404	0.009166	8670	2	3.852295e-01
83   	75   	75   	0.005431	1.307493	0.011984	0.009165	8672	128	9.940120e-01
84   	74   	74   	0.005473	1.388944	0.012787	0.009206	8800	129	9.960080e-01
85   	73   	73   	0.005509	0.685118	0.006343	0.009258	8929	4	9.900200e-01
86   	72   	72   	0.005541	1.377687	0.012753	0.009257	8933	260	9.940120e-01
87   	71   	71   	0.005635	0.910142	0.008515	0.009356	9193	35	9.740519e-01
88   	70   	70   	0.005843	1.119619	0.010471	0.009352	9228	12	9.620758e-01
89   	69   	69   	0.006186	1.714988	0.016042	0.009354	9240	132	9.840319e-01
90   	68   	68   	0.006277	0.664352	0.006277	0.009448	9372	1	1.000000e+00
91   	67   	67   	0.006291	1.079639	0.010200	0.009448	9373	14	5.089820e-01
92   	66   	66   	0.006341	0.817896	0.007728	0.009449	9387	15	8.822355e-01
93   	65   	65   	0.006483	1.542017	0.014566	0.009446	9402	1729	9.940120e-01
94   	64   	64   	0.006702	0.984194	0.010080	0.010241	11131	32	8.582834e-01
95   	63   	63   	0.007044	0.731116	0.007487	0.010241	11163	8	5.249680e-02
96   	62   	62   	0.007203	0.923920	0.009460	0.010239	11171	6	7.824351e-01
97   	61   	61   	0.007323	0.963752	0.009867	0.010239	11177	18	8.463074e-01
98   	60   	60   	0.007405	1.511819	0.015478	0.010238	11195	292	9.900200e-01
99   	59   	59   	0.008534	0.917555	0.009516	0.010371	11487	5	9.301397e-01
100  	58   	58   	0.008683	0.997780	0.010348	0.010371	11492	4	4.870259e-01
101  	57   	57   	0.008934	1.076198	0.011161	0.010371	11496	11	9.461078e-01
102  	56   	56   	0.009004	1.025590	0.010637	0.010372	11507	6	8.223553e-01
103  	55   	55   	0.009666	1.167244	0.012106	0.010372	11513	4	2.754491e-01
104  	54   	54   	0.010793	1.277752	0.013253	0.010372	11517	26	8.722555e-01
105  	53   	53   	0.011875	1.369908	0.014218	0.010379	11543	18	7.744511e-01
106  	52   	52   	0.012377	1.443791	0.014993	0.010385	11561	196	7.804391e-01
107  	51   	51   	0.013613	3.201872	0.033497	0.010462	11757	76	2.714571e-01
108  	50   	50   	0.015808	2.268072	0.024063	0.010610	11833	23	9.800399e-01
109  	49   	49   	0.016255	1.785159	0.018986	0.010636	11856	30	8.762475e-01
110  	48   	48   	0.017070	3.102272	0.033060	0.010657	11886	3552	7.485030e-01
111  	47   	47   	0.017506	1.279706	0.020234	0.015811	15438	12	7.065868e-01
112  	46   	46   	0.017596	1.668607	0.026389	0.015815	15450	344	9.940120e-01
113  	45   	45   	0.018058	1.144423	0.018362	0.016045	15794	3	1.357285e-01
114  	44   	44   	0.018298	1.140368	0.018298	0.016045	15797	1	1.000000e+00
115  	43   	43   	0.018777	1.170200	0.018777	0.016046	15798	1	1.000000e+00
116  	42   	42   	0.019872	1.422305	0.022822	0.016046	15799	51	8.822355e-01
117  	41   	41   	0.020705	1.422667	0.022859	0.016068	15850	2	2.594810e-01
118  	40   	40   	0.023608	1.469247	0.023608	0.016068	15852	1	1.000000e+00
119  	39   	39   	0.025666	1.783908	0.028665	0.016069	15853	5	3.313373e-01
120  	38   	38   	0.029322	1.831023	0.029430	0.016073	15858	2	3.293413e-01
121  	37   	37   	0.030166	2.079767	0.033431	0.016075	15860	2	1.936128e-01
122  	36   	36   	0.033431	2.079434	0.033431	0.016077	15862	1	1.000000e+00
123  	35   	35   	0.039810	2.852673	0.045865	0.016078	15863	18	8.163673e-01
124  	34   	34   	0.041178	2.700649	0.043512	0.016112	15881	12	2.994012e-01
125  	33   	33   	0.048977	3.368991	0.054350	0.016132	15893	13	1.257485e-01
126  	32   	32   	0.052660	3.812793	0.061628	0.016164	15906	5	1.676647e-01
127  	31   	31   	0.056439	3.488696	0.056439	0.016178	15911	1	1.000000e+00
128  	30   	30   	0.059902	4.367786	0.070672	0.016180	15912	348	3.233533e-01
129  	29   	29   	0.060156	3.578269	0.062071	0.017347	16260	4	1.916168e-01
130  	28   	28   	0.062296	5.412596	0.093950	0.017358	16264	3520	1.676647e-01
131  	27   	27   	0.062616	3.016543	0.093467	0.030985	19784	980	7.305389e-01
132  	26   	26   	0.062731	2.906615	0.098633	0.033934	20764	126	4.331337e-01
133  	25   	25   	0.066334	2.754546	0.094548	0.034324	20890	804	8.483034e-01
134  	24   	24   	0.067909	1.961044	0.071688	0.036556	21694	3	5.229541e-01
135  	23   	23   	0.068160	1.864271	0.068160	0.036561	21697	1	1.000000e+00
136  	22   	22   	0.068554	2.707727	0.099001	0.036562	21698	46	9.940120e-01
137  	21   	21   	0.068634	2.340769	0.085893	0.036695	21744	820	8.862275e-01
138  	20   	20   	0.068709	2.479408	0.095414	0.038482	22564	75	9.980040e-01
139  	19   	19   	0.069887	2.189076	0.084654	0.038671	22639	1463	9.461078e-01
140  	18   	18   	0.070011	2.790675	0.115708	0.041462	24102	6536	8.582834e-01
141  	16   	16   	0.072468	1.785193	0.102293	0.057301	30638	492	9.840319e-01
142  	15   	15   	0.074732	1.830637	0.106199	0.058012	31130	1736	9.920160e-01
143  	14   	14   	0.079547	1.710913	0.103608	0.060557	32866	7140	9.900200e-01
144  	13   	13   	0.081542	1.623904	0.110817	0.068241	40006	2264	9.900200e-01
145  	12   	12   	0.082204	1.785383	0.125907	0.070521	42270	291	9.780439e-01
146  	11   	11   	0.082497	1.441632	0.102212	0.070900	42561	2628	9.940120e-01
147  	10   	10   	0.084444	1.711369	0.124452	0.072721	45189	1806	9.940120e-01
148  	9    	9    	0.089595	1.563570	0.116813	0.074709	46995	614	9.940120e-01
149  	8    	8    	0.090045	1.530645	0.115184	0.075252	47609	618	9.960080e-01
150  	7    	7    	0.090921	1.500618	0.113692	0.075764	48227	311	9.960080e-01
151  	6    	6    	0.095338	1.528487	0.116175	0.076007	48538	312	9.920160e-01
152  	5    	5    	0.099368	1.786878	0.136273	0.076263	48850	1878	9.780439e-01
153  	4    	4    	0.114803	2.060196	0.161694	0.078485	50728	638	9.760479e-01
154  	3    	3    	0.117518	2.027331	0.161210	0.079518	51366	321	9.441118e-01
155  	2    	2    	0.119834	1.854049	0.148371	0.080026	51687	1288	9.740519e-01
